$ANSIBLE_VAULT;1.1;AES256
66383432643533386531363061323264663138376439366431323264316139633737306566376237
3736316166643561313432343038396539326564353738360a666436663261323835663761353962
65373634626535353162326131646435356262396562623339323134646266383430623231386165
6435343161386230350a393961613038623936633666393739396432346539346165306664646233
62323035616632623964353934386164333033353662363837393361393732643139313534306634
63316238316635616132336432383066656135363035363534653837636365613838643737653933
61333134616334306137666533393235663034323330343339303738643139656436386131663164
32613230393335616439383135653762303362303263313138356235633364303030303132393239
31383461396563616461346135646563356266303064313466626638363865633464353463343936
62376333373839316132356235613937643439653165353839373863623739613262663837663437
30316237623638313665643032626231643134303063353564613964353933333531353631383966
37636361643638646234363231326538383063316533366362353465326636373634343230353963
62396635383564313838626434346134333565326631373764656362653439366331653461653031
37363632653230336134336261346436303039316430313565363939623734353237333539356334
31353339346133646630326133323035626661306237373633376435313864626362643138303034
33396362386237393832303832326536356462616133343964353430666339623230366235353937
64663961303337616234623962656366343237343330623761653464303232343965663664356237
66396331316264633238346664626532343538306466626365653735376164643731626132363634
38396563623534386238616134373338353566343434306335303833356638373965646464343061
38636336613334323036
