$ANSIBLE_VAULT;1.1;AES256
36313232393239336664363430313535636263343762376564633063333662623065396238313937
3832333664346239656465306330353865383133623639300a363534616132653465383036623865
32636361333335616161346134613665663135613939623335666163386361303563353532303532
6563366233303962380a663838303063333738333166613130383365376461313062646139633831
65656461363933366634336430373933316439383938353966663438306437353863313364643930
36336165303639346361666330613965373965663235363439313132363463366232373061363666
34353832653862323462623833663133393235343131656163613235396431633838616239363361
35633366396330653965363066386665656362383061333063373461323132636533663636656232
36383336623366663937323039373931306534643732633433343764366465356438373238396135
30663364303261643535323163346134306139346362656638323363333331333630323230393036
35623035613635636534616436316633613532616136396537383538623935623731353234323432
32373838363864303631323434376637363235363366303532313630636461323234363964633932
33396632663134376533353735643166626138356138656466313530396536663534343037653738
31623630623466653464383634386461653764386532323161316363313064613663383766373463
66633166616533373639323862353661633334303236636163666136353430353037343033666461
38326562633035613761656634336534353464333632666334656630636635383038653764396166
39663730363761663830356366313139643564383433353530386165616338663933636437336236
39316635663233326132393032303361633136343934353336646561663439386632633439613463
30616162316232316631373930323463643966306239393339353864663633373536643163633137
32646436623733653038333061313534626332363162326338323638643934323633366465376138
61343034306263386661303632653430313566633335316239373538623931303735643737336630
62336237656663663963303861663963303235313864326262333032323937333936303734626232
30316666313035643638633366303338353964613032636434326435303466353035666634643936
63653630383636366566393838326131353061376634383833346266613438333865363666313837
35343066663739386365336538386466376337383463653066333164333562393237663461353564
62313330663766326439643166313539366462643635343463393731636637323962643439613466
30623731653637643161323365383734363262373837646638393163396563643730646537633332
37376536626262633163
